[[0.0, 0.6109660574412533, 0.36553524804177545, 0.6997389033942559, 0.6997389033942559, 0.38642297650130547, 1.1906005221932114, 0.2454308093994778, 1.0026109660574412, 0.1671018276762402, 0.12532637075718014, 0.19843342036553524, 0.6736292428198434, 1.0861618798955615, 0.12010443864229765, 0.37597911227154046, 0.11488250652741515, 0.2193211488250653, 0.10966057441253264, 0.20365535248041775, 0.30809399477806787, 1.3002610966057442, 1.2428198433420365, 0.09921671018276762, 1.0234986945169713, 0.34464751958224543, 0.005221932114882507, 0.412532637075718, 0.6475195822454308, 1.2323759791122715, 0.6788511749347258, 0.18276762402088773, 0.26109660574412535, 0.1618798955613577, 0.10966057441253264, 1.3524804177545693, 0.6475195822454308, 0.5796344647519582, 0.7101827676240209, 0.5848563968668408, 0.45430809399477806, 1.3629242819843341, 0.08877284595300261, 0.9817232375979112, 0.370757180156658, 0.05221932114882506, 0.020887728459530026, 0.08877284595300261, 1.2010443864229765, 0.1409921671018277, 1.3315926892950392, 1.1801566579634464, 0.20887728459530025, 0.814621409921671, 0.26631853785900783, 0.6945169712793734, 0.0731070496083551, 0.12532637075718014, 1.3159268929503916, 0.2349869451697128, 0.6527415143603134, 0.3237597911227154, 0.9556135770234987, 0.28720626631853785, 0.12532637075718014, 0.1462140992167102, 0.6579634464751958, 1.237597911227154, 0.6892950391644909, 0.09399477806788512, 0.6422976501305483, 0.3028720626631854, 1.3681462140992167, 0.8616187989556136, 0.0835509138381201, 0.11488250652741515, 1.0078328981723237, 1.321148825065274], [0.6109660574412533, 0.0, 0.38642297650130547, 1.7493472584856398, 1.7859007832898173, 0.4177545691906005, 0.783289817232376, 0.29765013054830286, 0.5378590078328982, 0.3237597911227154, 0.2924281984334204, 0.2924281984334204, 0.46475195822454307, 0.7362924281984334, 0.26631853785900783, 0.6214099216710183, 0.2924281984334204, 0.3133159268929504, 0.3394255874673629, 0.42297650130548303, 0.35509138381201044, 0.8459530026109661, 0.7362924281984334, 0.1671018276762402, 0.7310704960835509, 0.3968668407310705, 0.0, 1.0078328981723237, 1.6553524804177546, 0.6684073107049608, 1.7754569190600522, 0.3028720626631854, 0.29765013054830286, 0.36553524804177545, 0.30809399477806787, 0.856396866840731, 1.723237597911227, 1.248041775456919, 1.7911227154046998, 0.370757180156658, 0.6945169712793734, 0.8511749347258486, 0.28720626631853785, 0.7676240208877284, 0.3028720626631854, 0.12532637075718014, 0.10443864229765012, 0.10966057441253264, 0.8198433420365535, 0.36553524804177545, 0.8459530026109661, 0.7728459530026109, 0.2193211488250653, 0.5326370757180157, 0.29765013054830286, 1.7650130548302871, 0.2819843342036554, 0.3028720626631854, 0.8198433420365535, 0.2924281984334204, 1.7911227154046998, 0.3185378590078329, 0.5796344647519582, 0.36553524804177545, 0.28720626631853785, 0.360313315926893, 1.7963446475195823, 0.783289817232376, 1.7806788511749347, 0.20365535248041775, 0.3237597911227154, 0.38642297650130547, 0.825065274151436, 0.5691906005221932, 0.19321148825065274, 0.2924281984334204, 0.6788511749347258, 0.814621409921671], [0.36553524804177545, 0.38642297650130547, 0.0, 0.38642297650130547, 0.3968668407310705, 1.3629242819843341, 0.37597911227154046, 1.2114882506527416, 0.34464751958224543, 1.0339425587467364, 1.0757180156657964, 1.1174934725848564, 0.26109660574412535, 0.4281984334203655, 0.9190600522193212, 0.7362924281984334, 1.0026109660574412, 1.1070496083550914, 1.185378590078329, 1.0652741514360313, 1.3315926892950392, 0.4856396866840731, 0.45430809399477806, 0.7049608355091384, 0.3968668407310705, 1.2845953002610966, 0.010443864229765013, 0.2193211488250653, 0.37597911227154046, 0.44386422976501305, 0.391644908616188, 0.8981723237597912, 1.195822454308094, 1.1592689295039165, 1.0391644908616189, 0.4908616187989556, 0.370757180156658, 0.4699738903394256, 0.402088772845953, 0.19321148825065274, 0.6579634464751958, 0.4908616187989556, 0.8981723237597912, 0.2558746736292428, 1.2323759791122715, 0.05221932114882506, 0.26109660574412535, 0.21409921671018275, 0.4177545691906005, 0.8616187989556136, 0.4699738903394256, 0.412532637075718, 0.04699738903394256, 0.30809399477806787, 1.0026109660574412, 0.38642297650130547, 0.9556135770234987, 0.9503916449086162, 0.4856396866840731, 1.0548302872062663, 0.402088772845953, 1.185378590078329, 0.34464751958224543, 1.3577023498694516, 1.1018276762402088, 1.154046997389034, 0.402088772845953, 0.42297650130548303, 0.402088772845953, 0.6997389033942559, 0.2454308093994778, 1.2741514360313315, 0.45430809399477806, 0.3133159268929504, 0.5378590078328982, 0.8459530026109661, 0.3237597911227154, 0.4699738903394256], [0.6997389033942559, 1.7493472584856398, 0.38642297650130547, 0.0, 1.9425587467362924, 0.412532637075718, 0.8929503916449086, 0.29765013054830286, 0.6318537859007833, 0.3237597911227154, 0.2924281984334204, 0.28720626631853785, 0.5326370757180157, 0.7885117493472585, 0.26631853785900783, 0.6422976501305483, 0.29765013054830286, 0.3133159268929504, 0.3394255874673629, 0.43342036553524804, 0.35509138381201044, 0.8825065274151436, 0.8198433420365535, 0.1618798955613577, 0.8302872062663186, 0.3968668407310705, 0.0, 0.9973890339425587, 1.8120104438642297, 0.7676240208877284, 1.8328981723237598, 0.3185378590078329, 0.3133159268929504, 0.36553524804177545, 0.29765013054830286, 0.9556135770234987, 1.8172323759791122, 1.3577023498694516, 1.947780678851175, 0.391644908616188, 0.7362924281984334, 0.9503916449086162, 0.28720626631853785, 0.8459530026109661, 0.30809399477806787, 0.12532637075718014, 0.10966057441253264, 0.10966057441253264, 0.8616187989556136, 0.34986945169712796, 0.9399477806788512, 0.8720626631853786, 0.2245430809399478, 0.5900783289817232, 0.3133159268929504, 1.9060052219321149, 0.27676240208877284, 0.2924281984334204, 0.9190600522193212, 0.29765013054830286, 1.885117493472585, 0.3133159268929504, 0.6579634464751958, 0.36553524804177545, 0.28720626631853785, 0.360313315926893, 1.8903394255874673, 0.8877284595300261, 1.9216710182767625, 0.19321148825065274, 0.370757180156658, 0.38642297650130547, 0.9242819843342036, 0.5953002610966057, 0.19843342036553524, 0.3028720626631854, 0.7571801566579635, 0.9138381201044387], [0.6997389033942559, 1.7859007832898173, 0.3968668407310705, 1.9425587467362924, 0.0, 0.4177545691906005, 0.8929503916449086, 0.3133159268929504, 0.6318537859007833, 0.3394255874673629, 0.30809399477806787, 0.3028720626631854, 0.5274151436031331, 0.793733681462141, 0.27154046997389036, 0.6736292428198434, 0.29765013054830286, 0.3289817232375979, 0.35509138381201044, 0.45430809399477806, 0.370757180156658, 0.8825065274151436, 0.8302872062663186, 0.17754569190600522, 0.8302872062663186, 0.402088772845953, 0.0, 1.0234986945169713, 1.8590078328981723, 0.7676240208877284, 1.8694516971279374, 0.3237597911227154, 0.3133159268929504, 0.370757180156658, 0.3133159268929504, 0.9556135770234987, 1.8537859007832898, 1.3890339425587468, 1.9843342036553524, 0.391644908616188, 0.762402088772846, 0.9503916449086162, 0.3028720626631854, 0.8511749347258486, 0.29765013054830286, 0.13054830287206268, 0.09921671018276762, 0.09921671018276762, 0.856396866840731, 0.35509138381201044, 0.9399477806788512, 0.8772845953002611, 0.2245430809399478, 0.5900783289817232, 0.3028720626631854, 1.9425587467362924, 0.2924281984334204, 0.30809399477806787, 0.9190600522193212, 0.2924281984334204, 1.9216710182767625, 0.3185378590078329, 0.6631853785900783, 0.381201044386423, 0.3028720626631854, 0.37597911227154046, 1.926892950391645, 0.8825065274151436, 1.9530026109660574, 0.20365535248041775, 0.37597911227154046, 0.391644908616188, 0.9242819843342036, 0.5953002610966057, 0.21409921671018275, 0.2924281984334204, 0.7519582245430809, 0.9138381201044387], [0.38642297650130547, 0.4177545691906005, 1.3629242819843341, 0.412532637075718, 0.4177545691906005, 0.0, 0.412532637075718, 1.227154046997389, 0.370757180156658, 1.0600522193211488, 1.1383812010443863, 1.174934725848564, 0.27154046997389036, 0.43342036553524804, 0.9347258485639687, 0.7310704960835509, 1.0287206266318538, 1.174934725848564, 1.2428198433420365, 1.0913838120104438, 1.3420365535248042, 0.5221932114882507, 0.4595300261096606, 0.7571801566579635, 0.43342036553524804, 1.3577023498694516, 0.015665796344647518, 0.2193211488250653, 0.3968668407310705, 0.44386422976501305, 0.4281984334203655, 0.8929503916449086, 1.1906005221932114, 1.195822454308094, 1.080939947780679, 0.5169712793733682, 0.391644908616188, 0.5013054830287206, 0.4281984334203655, 0.20887728459530025, 0.7154046997389034, 0.5013054830287206, 0.9138381201044387, 0.29765013054830286, 1.279373368146214, 0.04699738903394256, 0.2349869451697128, 0.26109660574412535, 0.4908616187989556, 0.8720626631853786, 0.5169712793733682, 0.4281984334203655, 0.0783289817232376, 0.370757180156658, 1.0913838120104438, 0.4073107049608355, 0.9921671018276762, 1.0130548302872062, 0.4960835509138381, 1.1070496083550914, 0.4281984334203655, 1.2010443864229765, 0.381201044386423, 1.4099216710182767, 1.0861618798955615, 1.1801566579634464, 0.4281984334203655, 0.44386422976501305, 0.4281984334203655, 0.7154046997389034, 0.2506527415143603, 1.3629242819843341, 0.5013054830287206, 0.34986945169712796, 0.5430809399477807, 0.8825065274151436, 0.37597911227154046, 0.4908616187989556], [1.1906005221932114, 0.783289817232376, 0.37597911227154046, 0.8929503916449086, 0.8929503916449086, 0.412532637075718, 0.0, 0.2924281984334204, 1.133159268929504, 0.19321148825065274, 0.1566579634464752, 0.2558746736292428, 0.835509138381201, 1.4046997389033942, 0.13054830287206268, 0.4908616187989556, 0.13577023498694518, 0.2297650130548303, 0.1409921671018277, 0.2506527415143603, 0.37597911227154046, 1.5404699738903394, 1.4673629242819843, 0.09921671018276762, 1.3002610966057442, 0.36553524804177545, 0.010443864229765013, 0.4751958224543081, 0.8407310704960835, 1.3054830287206267, 0.8511749347258486, 0.26631853785900783, 0.2819843342036554, 0.18276762402088773, 0.13577023498694518, 1.556135770234987, 0.8302872062663186, 0.7676240208877284, 0.8929503916449086, 0.6892950391644909, 0.5796344647519582, 1.5926892950391645, 0.09399477806788512, 1.2584856396866841, 0.38642297650130547, 0.06266318537859007, 0.010443864229765013, 0.0731070496083551, 1.441253263707572, 0.12532637075718014, 1.556135770234987, 1.4046997389033942, 0.2819843342036554, 0.9712793733681462, 0.20887728459530025, 0.8772845953002611, 0.13054830287206268, 0.17754569190600522, 1.5352480417754568, 0.26631853785900783, 0.835509138381201, 0.3289817232375979, 1.1592689295039165, 0.35509138381201044, 0.12010443864229765, 0.17232375979112272, 0.8407310704960835, 1.4569190600522193, 0.8720626631853786, 0.08877284595300261, 0.7101827676240209, 0.3289817232375979, 1.587467362924282, 1.0182767624020888, 0.09921671018276762, 0.13577023498694518, 1.2532637075718016, 1.556135770234987], [0.2454308093994778, 0.29765013054830286, 1.2114882506527416, 0.29765013054830286, 0.3133159268929504, 1.227154046997389, 0.2924281984334204, 0.0, 0.2402088772845953, 0.9347258485639687, 1.0391644908616189, 1.0078328981723237, 0.19321148825065274, 0.2819843342036554, 0.7989556135770235, 0.6266318537859008, 0.9556135770234987, 1.0130548302872062, 1.164490861618799, 1.0130548302872062, 1.279373368146214, 0.3289817232375979, 0.3185378590078329, 0.7467362924281984, 0.2924281984334204, 1.1018276762402088, 0.015665796344647518, 0.1618798955613577, 0.2924281984334204, 0.30809399477806787, 0.3028720626631854, 0.856396866840731, 1.0652741514360313, 1.0600522193211488, 0.9712793733681462, 0.3185378590078329, 0.29765013054830286, 0.34986945169712796, 0.3133159268929504, 0.0835509138381201, 0.5639686684073107, 0.3185378590078329, 0.856396866840731, 0.1618798955613577, 1.112271540469974, 0.05221932114882506, 0.26109660574412535, 0.18798955613577023, 0.27154046997389036, 0.7310704960835509, 0.3237597911227154, 0.26109660574412535, 0.020887728459530026, 0.2402088772845953, 0.8981723237597912, 0.3133159268929504, 0.9242819843342036, 0.9190600522193212, 0.3289817232375979, 0.9765013054830287, 0.3133159268929504, 0.9869451697127938, 0.20887728459530025, 1.3524804177545693, 1.0287206266318538, 1.0704960835509139, 0.3133159268929504, 0.2819843342036554, 0.3133159268929504, 0.6527415143603134, 0.2349869451697128, 1.1906005221932114, 0.3133159268929504, 0.2558746736292428, 0.5483028720626631, 0.7676240208877284, 0.21409921671018275, 0.3133159268929504], [1.0026109660574412, 0.5378590078328982, 0.34464751958224543, 0.6318537859007833, 0.6318537859007833, 0.370757180156658, 1.133159268929504, 0.2402088772845953, 0.0, 0.17232375979112272, 0.12532637075718014, 0.19843342036553524, 0.6579634464751958, 1.0600522193211488, 0.12010443864229765, 0.35509138381201044, 0.09921671018276762, 0.18276762402088773, 0.09399477806788512, 0.19843342036553524, 0.3289817232375979, 1.2950391644908616, 1.2532637075718016, 0.0835509138381201, 1.0496083550913837, 0.36553524804177545, 0.0, 0.3185378590078329, 0.6057441253263708, 1.195822454308094, 0.5953002610966057, 0.21409921671018275, 0.27154046997389036, 0.1462140992167102, 0.09399477806788512, 1.2950391644908616, 0.5796344647519582, 0.5326370757180157, 0.6370757180156658, 0.5744125326370757, 0.44386422976501305, 1.3368146214099217, 0.0783289817232376, 0.9973890339425587, 0.3394255874673629, 0.0731070496083551, 0.02610966057441253, 0.09399477806788512, 1.1436031331592689, 0.1462140992167102, 1.3107049608355092, 1.185378590078329, 0.2454308093994778, 1.0234986945169713, 0.21409921671018275, 0.6214099216710183, 0.09399477806788512, 0.12532637075718014, 1.3002610966057442, 0.19321148825065274, 0.5848563968668408, 0.30809399477806787, 1.1070496083550914, 0.30809399477806787, 0.10443864229765012, 0.1618798955613577, 0.5848563968668408, 1.2114882506527416, 0.6161879895561357, 0.08877284595300261, 0.7101827676240209, 0.3289817232375979, 1.321148825065274, 0.8093994778067886, 0.0835509138381201, 0.12010443864229765, 0.9242819843342036, 1.3524804177545693], [0.1671018276762402, 0.3237597911227154, 1.0339425587467364, 0.3237597911227154, 0.3394255874673629, 1.0600522193211488, 0.19321148825065274, 0.9347258485639687, 0.17232375979112272, 0.0, 0.9242819843342036, 0.9033942558746736, 0.11488250652741515, 0.20887728459530025, 0.804177545691906, 0.5900783289817232, 0.804177545691906, 0.9086161879895561, 0.9712793733681462, 0.7989556135770235, 0.9765013054830287, 0.2454308093994778, 0.2245430809399478, 0.5587467362924282, 0.20365535248041775, 0.9765013054830287, 0.015665796344647518, 0.18798955613577023, 0.3289817232375979, 0.2297650130548303, 0.3289817232375979, 0.6892950391644909, 0.8981723237597912, 0.9242819843342036, 0.8198433420365535, 0.2454308093994778, 0.3342036553524804, 0.37597911227154046, 0.3394255874673629, 0.0731070496083551, 0.5430809399477807, 0.2349869451697128, 0.7310704960835509, 0.1618798955613577, 0.8981723237597912, 0.04177545691906005, 0.2245430809399478, 0.20887728459530025, 0.2558746736292428, 0.7310704960835509, 0.2349869451697128, 0.18276762402088773, 0.04177545691906005, 0.18798955613577023, 0.7519582245430809, 0.3394255874673629, 0.8093994778067886, 0.741514360313316, 0.2349869451697128, 0.8668407310704961, 0.3342036553524804, 0.8877284595300261, 0.1671018276762402, 1.0548302872062663, 0.8511749347258486, 0.9503916449086162, 0.3394255874673629, 0.19321148825065274, 0.3394255874673629, 0.5691906005221932, 0.13054830287206268, 1.0130548302872062, 0.20887728459530025, 0.18798955613577023, 0.45430809399477806, 0.720626631853786, 0.17754569190600522, 0.2245430809399478], [0.12532637075718014, 0.2924281984334204, 1.0757180156657964, 0.2924281984334204, 0.30809399477806787, 1.1383812010443863, 0.1566579634464752, 1.0391644908616189, 0.12532637075718014, 0.9242819843342036, 0.0, 0.9503916449086162, 0.0731070496083551, 0.1566579634464752, 0.8198433420365535, 0.6370757180156658, 0.9451697127937336, 1.0600522193211488, 1.112271540469974, 0.9399477806788512, 1.133159268929504, 0.18798955613577023, 0.1671018276762402, 0.6579634464751958, 0.1671018276762402, 1.0182767624020888, 0.005221932114882507, 0.1671018276762402, 0.28720626631853785, 0.1409921671018277, 0.29765013054830286, 0.7676240208877284, 1.0130548302872062, 1.0078328981723237, 0.9242819843342036, 0.17754569190600522, 0.27154046997389036, 0.37597911227154046, 0.30809399477806787, 0.03655352480417755, 0.5535248041775457, 0.17754569190600522, 0.814621409921671, 0.0783289817232376, 0.9712793733681462, 0.05221932114882506, 0.2402088772845953, 0.18798955613577023, 0.18798955613577023, 0.7519582245430809, 0.18276762402088773, 0.12010443864229765, 0.020887728459530026, 0.1514360313315927, 0.804177545691906, 0.28720626631853785, 0.9033942558746736, 0.8093994778067886, 0.17754569190600522, 0.9033942558746736, 0.30809399477806787, 0.9138381201044387, 0.13054830287206268, 1.164490861618799, 0.9660574412532638, 1.0078328981723237, 0.30809399477806787, 0.1514360313315927, 0.30809399477806787, 0.6631853785900783, 0.0783289817232376, 1.0652741514360313, 0.17754569190600522, 0.1462140992167102, 0.5221932114882507, 0.7362924281984334, 0.13054830287206268, 0.18276762402088773], [0.19843342036553524, 0.2924281984334204, 1.1174934725848564, 0.28720626631853785, 0.3028720626631854, 1.174934725848564, 0.2558746736292428, 1.0078328981723237, 0.19843342036553524, 0.9033942558746736, 0.9503916449086162, 0.0, 0.1514360313315927, 0.2297650130548303, 0.7885117493472585, 0.5691906005221932, 0.9556135770234987, 0.9347258485639687, 1.0548302872062663, 0.8929503916449086, 1.112271540469974, 0.2819843342036554, 0.26631853785900783, 0.6370757180156658, 0.2454308093994778, 1.0287206266318538, 0.010443864229765013, 0.1566579634464752, 0.28720626631853785, 0.2402088772845953, 0.29765013054830286, 0.7467362924281984, 1.0026109660574412, 0.9921671018276762, 0.9190600522193212, 0.2819843342036554, 0.27676240208877284, 0.3289817232375979, 0.3028720626631854, 0.0783289817232376, 0.5691906005221932, 0.27676240208877284, 0.741514360313316, 0.17232375979112272, 1.0287206266318538, 0.03655352480417755, 0.21409921671018275, 0.19321148825065274, 0.26631853785900783, 0.741514360313316, 0.2819843342036554, 0.2402088772845953, 0.031331592689295036, 0.2193211488250653, 0.856396866840731, 0.2819843342036554, 0.835509138381201, 0.8929503916449086, 0.27154046997389036, 0.9295039164490861, 0.3028720626631854, 0.9817232375979112, 0.20365535248041775, 1.174934725848564, 0.9608355091383812, 1.0130548302872062, 0.3028720626631854, 0.2402088772845953, 0.3028720626631854, 0.5900783289817232, 0.17232375979112272, 1.0548302872062663, 0.26109660574412535, 0.18276762402088773, 0.43342036553524804, 0.7258485639686684, 0.2297650130548303, 0.27676240208877284], [0.6736292428198434, 0.46475195822454307, 0.26109660574412535, 0.5326370757180157, 0.5274151436031331, 0.27154046997389036, 0.835509138381201, 0.19321148825065274, 0.6579634464751958, 0.11488250652741515, 0.0731070496083551, 0.1514360313315927, 0.0, 0.7571801566579635, 0.0731070496083551, 0.2819843342036554, 0.05221932114882506, 0.12532637075718014, 0.06788511749347259, 0.17232375979112272, 0.26109660574412535, 0.8616187989556136, 0.8772845953002611, 0.04699738903394256, 0.7885117493472585, 0.2506527415143603, 0.010443864229765013, 0.2819843342036554, 0.4960835509138381, 0.7780678851174935, 0.5378590078328982, 0.1514360313315927, 0.1671018276762402, 0.08877284595300261, 0.05221932114882506, 0.8929503916449086, 0.4804177545691906, 0.5013054830287206, 0.5378590078328982, 0.4073107049608355, 0.370757180156658, 0.9503916449086162, 0.04699738903394256, 0.720626631853786, 0.2454308093994778, 0.04699738903394256, 0.015665796344647518, 0.0783289817232376, 0.804177545691906, 0.10443864229765012, 0.9138381201044387, 0.8668407310704961, 0.19321148825065274, 0.6527415143603134, 0.1409921671018277, 0.5221932114882507, 0.04699738903394256, 0.09399477806788512, 0.9033942558746736, 0.13577023498694518, 0.4804177545691906, 0.2245430809399478, 0.6579634464751958, 0.21409921671018275, 0.0731070496083551, 0.10443864229765012, 0.4856396866840731, 0.8511749347258486, 0.5221932114882507, 0.06788511749347259, 0.42297650130548303, 0.19321148825065274, 0.8981723237597912, 0.5639686684073107, 0.0835509138381201, 0.0731070496083551, 0.741514360313316, 0.9242819843342036], [1.0861618798955615, 0.7362924281984334, 0.4281984334203655, 0.7885117493472585, 0.793733681462141, 0.43342036553524804, 1.4046997389033942, 0.2819843342036554, 1.0600522193211488, 0.20887728459530025, 0.1566579634464752, 0.2297650130548303, 0.7571801566579635, 0.0, 0.1409921671018277, 0.4960835509138381, 0.10443864229765012, 0.2506527415143603, 0.12010443864229765, 0.2297650130548303, 0.370757180156658, 1.514360313315927, 1.3681462140992167, 0.0783289817232376, 1.2532637075718016, 0.402088772845953, 0.010443864229765013, 0.4490861618798956, 0.741514360313316, 1.237597911227154, 0.7571801566579635, 0.27676240208877284, 0.26631853785900783, 0.13577023498694518, 0.10966057441253264, 1.483028720626632, 0.783289817232376, 0.6892950391644909, 0.793733681462141, 0.6527415143603134, 0.5430809399477807, 1.5195822454308094, 0.0783289817232376, 1.1488250652741514, 0.402088772845953, 0.05221932114882506, 0.015665796344647518, 0.08877284595300261, 1.3785900783289817, 0.1514360313315927, 1.4621409921671018, 1.3785900783289817, 0.28720626631853785, 0.8981723237597912, 0.2193211488250653, 0.7780678851174935, 0.10443864229765012, 0.1618798955613577, 1.4621409921671018, 0.2245430809399478, 0.7885117493472585, 0.3342036553524804, 1.0913838120104438, 0.35509138381201044, 0.12532637075718014, 0.1618798955613577, 0.793733681462141, 1.4046997389033942, 0.7885117493472585, 0.09921671018276762, 0.6318537859007833, 0.2924281984334204, 1.4986945169712793, 1.0234986945169713, 0.10966057441253264, 0.1409921671018277, 1.1279373368146215, 1.5039164490861618], [0.12010443864229765, 0.26631853785900783, 0.9190600522193212, 0.26631853785900783, 0.27154046997389036, 0.9347258485639687, 0.13054830287206268, 0.7989556135770235, 0.12010443864229765, 0.804177545691906, 0.8198433420365535, 0.7885117493472585, 0.0731070496083551, 0.1409921671018277, 0.0, 0.4856396866840731, 0.7101827676240209, 0.8093994778067886, 0.8668407310704961, 0.7101827676240209, 0.8616187989556136, 0.17754569190600522, 0.1409921671018277, 0.4281984334203655, 0.13054830287206268, 0.8407310704960835, 0.010443864229765013, 0.12532637075718014, 0.2506527415143603, 0.1462140992167102, 0.27676240208877284, 0.6631853785900783, 0.7676240208877284, 0.825065274151436, 0.783289817232376, 0.17232375979112272, 0.2819843342036554, 0.30809399477806787, 0.2819843342036554, 0.057441253263707574, 0.44386422976501305, 0.1671018276762402, 0.6318537859007833, 0.10443864229765012, 0.7571801566579635, 0.04699738903394256, 0.2558746736292428, 0.19843342036553524, 0.1566579634464752, 0.5796344647519582, 0.1671018276762402, 0.12010443864229765, 0.02610966057441253, 0.13577023498694518, 0.7049608355091384, 0.27676240208877284, 0.7154046997389034, 0.6266318537859008, 0.17232375979112272, 0.7049608355091384, 0.2819843342036554, 0.8093994778067886, 0.12532637075718014, 0.9451697127937336, 0.7885117493472585, 0.8720626631853786, 0.2819843342036554, 0.1566579634464752, 0.2819843342036554, 0.4699738903394256, 0.0835509138381201, 0.9086161879895561, 0.1514360313315927, 0.09921671018276762, 0.3968668407310705, 0.6057441253263708, 0.10443864229765012, 0.1618798955613577], [0.37597911227154046, 0.6214099216710183, 0.7362924281984334, 0.6422976501305483, 0.6736292428198434, 0.7310704960835509, 0.4908616187989556, 0.6266318537859008, 0.35509138381201044, 0.5900783289817232, 0.6370757180156658, 0.5691906005221932, 0.2819843342036554, 0.4960835509138381, 0.4856396866840731, 0.0, 0.5378590078328982, 0.6631853785900783, 0.6370757180156658, 0.7885117493472585, 0.741514360313316, 0.5378590078328982, 0.4960835509138381, 0.370757180156658, 0.4751958224543081, 0.7101827676240209, 0.010443864229765013, 0.4177545691906005, 0.6057441253263708, 0.412532637075718, 0.6266318537859008, 0.6527415143603134, 0.6475195822454308, 0.6214099216710183, 0.5378590078328982, 0.5013054830287206, 0.6422976501305483, 0.8302872062663186, 0.6736292428198434, 0.21409921671018275, 1.154046997389034, 0.5430809399477807, 0.4490861618798956, 0.38642297650130547, 0.6214099216710183, 0.05221932114882506, 0.1566579634464752, 0.1409921671018277, 0.5221932114882507, 0.5274151436031331, 0.4908616187989556, 0.4751958224543081, 0.10443864229765012, 0.3133159268929504, 0.4595300261096606, 0.6475195822454308, 0.5587467362924282, 0.5065274151436031, 0.5326370757180157, 0.5639686684073107, 0.6736292428198434, 0.6266318537859008, 0.37597911227154046, 0.7258485639686684, 0.5796344647519582, 0.6422976501305483, 0.6736292428198434, 0.4856396866840731, 0.6684073107049608, 0.44386422976501305, 0.17754569190600522, 0.6788511749347258, 0.5117493472584856, 0.3185378590078329, 0.402088772845953, 0.4960835509138381, 0.4386422976501306, 0.5169712793733682], [0.11488250652741515, 0.2924281984334204, 1.0026109660574412, 0.29765013054830286, 0.29765013054830286, 1.0287206266318538, 0.13577023498694518, 0.9556135770234987, 0.09921671018276762, 0.804177545691906, 0.9451697127937336, 0.9556135770234987, 0.05221932114882506, 0.10443864229765012, 0.7101827676240209, 0.5378590078328982, 0.0, 0.8929503916449086, 1.0182767624020888, 0.8459530026109661, 1.0182767624020888, 0.13054830287206268, 0.11488250652741515, 0.6161879895561357, 0.10966057441253264, 0.9660574412532638, 0.005221932114882507, 0.1671018276762402, 0.2819843342036554, 0.11488250652741515, 0.28720626631853785, 0.6945169712793734, 0.9399477806788512, 0.9608355091383812, 0.9086161879895561, 0.1409921671018277, 0.2819843342036554, 0.3185378590078329, 0.29765013054830286, 0.031331592689295036, 0.5065274151436031, 0.13577023498694518, 0.762402088772846, 0.0835509138381201, 0.9556135770234987, 0.04177545691906005, 0.17754569190600522, 0.19843342036553524, 0.12532637075718014, 0.7101827676240209, 0.13577023498694518, 0.10443864229765012, 0.02610966057441253, 0.09921671018276762, 0.7989556135770235, 0.27676240208877284, 0.8093994778067886, 0.8511749347258486, 0.13577023498694518, 0.8981723237597912, 0.29765013054830286, 0.8459530026109661, 0.10966057441253264, 1.080939947780679, 0.8772845953002611, 0.9451697127937336, 0.29765013054830286, 0.11488250652741515, 0.29765013054830286, 0.5430809399477807, 0.0783289817232376, 0.9712793733681462, 0.12532637075718014, 0.08877284595300261, 0.381201044386423, 0.6370757180156658, 0.10443864229765012, 0.13577023498694518], [0.2193211488250653, 0.3133159268929504, 1.1070496083550914, 0.3133159268929504, 0.3289817232375979, 1.174934725848564, 0.2297650130548303, 1.0130548302872062, 0.18276762402088773, 0.9086161879895561, 1.0600522193211488, 0.9347258485639687, 0.12532637075718014, 0.2506527415143603, 0.8093994778067886, 0.6631853785900783, 0.8929503916449086, 0.0, 1.0966057441253263, 0.9660574412532638, 1.112271540469974, 0.30809399477806787, 0.2558746736292428, 0.6109660574412533, 0.2297650130548303, 1.0757180156657964, 0.010443864229765013, 0.17754569190600522, 0.3133159268929504, 0.2402088772845953, 0.3237597911227154, 0.783289817232376, 0.9712793733681462, 1.0026109660574412, 0.9138381201044387, 0.30809399477806787, 0.29765013054830286, 0.4073107049608355, 0.3289817232375979, 0.0783289817232376, 0.6057441253263708, 0.28720626631853785, 0.8302872062663186, 0.1462140992167102, 0.9869451697127938, 0.057441253263707574, 0.2506527415143603, 0.1409921671018277, 0.2924281984334204, 0.783289817232376, 0.2924281984334204, 0.2297650130548303, 0.031331592689295036, 0.20365535248041775, 0.8825065274151436, 0.30809399477806787, 0.856396866840731, 0.835509138381201, 0.2924281984334204, 0.9347258485639687, 0.3289817232375979, 0.9817232375979112, 0.20887728459530025, 1.1488250652741514, 0.9451697127937336, 1.0078328981723237, 0.3289817232375979, 0.26109660574412535, 0.3289817232375979, 0.6840731070496083, 0.13577023498694518, 1.0704960835509139, 0.28720626631853785, 0.21409921671018275, 0.4856396866840731, 0.7571801566579635, 0.17232375979112272, 0.2924281984334204], [0.10966057441253264, 0.3394255874673629, 1.185378590078329, 0.3394255874673629, 0.35509138381201044, 1.2428198433420365, 0.1409921671018277, 1.164490861618799, 0.09399477806788512, 0.9712793733681462, 1.112271540469974, 1.0548302872062663, 0.06788511749347259, 0.12010443864229765, 0.8668407310704961, 0.6370757180156658, 1.0182767624020888, 1.0966057441253263, 0.0, 1.0339425587467364, 1.2219321148825066, 0.1514360313315927, 0.13054830287206268, 0.7258485639686684, 0.1409921671018277, 1.1174934725848564, 0.015665796344647518, 0.17754569190600522, 0.3342036553524804, 0.1409921671018277, 0.3394255874673629, 0.8459530026109661, 1.112271540469974, 1.1488250652741514, 1.0600522193211488, 0.1462140992167102, 0.3185378590078329, 0.402088772845953, 0.35509138381201044, 0.04177545691906005, 0.5691906005221932, 0.1462140992167102, 0.9399477806788512, 0.0731070496083551, 1.0496083550913837, 0.05221932114882506, 0.2558746736292428, 0.17754569190600522, 0.1462140992167102, 0.804177545691906, 0.1514360313315927, 0.10443864229765012, 0.020887728459530026, 0.12532637075718014, 0.9138381201044387, 0.3342036553524804, 0.9921671018276762, 0.9295039164490861, 0.1409921671018277, 1.0130548302872062, 0.35509138381201044, 1.0339425587467364, 0.10443864229765012, 1.279373368146214, 1.0757180156657964, 1.1070496083550914, 0.35509138381201044, 0.13054830287206268, 0.35509138381201044, 0.7049608355091384, 0.09399477806788512, 1.185378590078329, 0.13577023498694518, 0.10966057441253264, 0.5013054830287206, 0.8093994778067886, 0.11488250652741515, 0.1462140992167102], [0.20365535248041775, 0.42297650130548303, 1.0652741514360313, 0.43342036553524804, 0.45430809399477806, 1.0913838120104438, 0.2506527415143603, 1.0130548302872062, 0.19843342036553524, 0.7989556135770235, 0.9399477806788512, 0.8929503916449086, 0.17232375979112272, 0.2297650130548303, 0.7101827676240209, 0.7885117493472585, 0.8459530026109661, 0.9660574412532638, 1.0339425587467364, 0.0, 1.0913838120104438, 0.28720626631853785, 0.28720626631853785, 0.6109660574412533, 0.2245430809399478, 1.0182767624020888, 0.005221932114882507, 0.26631853785900783, 0.43342036553524804, 0.2402088772845953, 0.42297650130548303, 0.9973890339425587, 1.0026109660574412, 0.9503916449086162, 0.8825065274151436, 0.3028720626631854, 0.4281984334203655, 0.5378590078328982, 0.45430809399477806, 0.06788511749347259, 0.7519582245430809, 0.2924281984334204, 0.7676240208877284, 0.1409921671018277, 0.9712793733681462, 0.04699738903394256, 0.19843342036553524, 0.1566579634464752, 0.2506527415143603, 0.6840731070496083, 0.2924281984334204, 0.2506527415143603, 0.03655352480417755, 0.20887728459530025, 0.8407310704960835, 0.4490861618798956, 0.835509138381201, 0.7989556135770235, 0.28720626631853785, 0.8877284595300261, 0.45430809399477806, 0.9295039164490861, 0.20365535248041775, 1.133159268929504, 0.9347258485639687, 0.9660574412532638, 0.45430809399477806, 0.27676240208877284, 0.4490861618798956, 0.5796344647519582, 0.1514360313315927, 1.0078328981723237, 0.2819843342036554, 0.17754569190600522, 0.7049608355091384, 0.6631853785900783, 0.17232375979112272, 0.28720626631853785], [0.30809399477806787, 0.35509138381201044, 1.3315926892950392, 0.35509138381201044, 0.370757180156658, 1.3420365535248042, 0.37597911227154046, 1.279373368146214, 0.3289817232375979, 0.9765013054830287, 1.133159268929504, 1.112271540469974, 0.26109660574412535, 0.370757180156658, 0.8616187989556136, 0.741514360313316, 1.0182767624020888, 1.112271540469974, 1.2219321148825066, 1.0913838120104438, 0.0, 0.45430809399477806, 0.42297650130548303, 0.7362924281984334, 0.3968668407310705, 1.2323759791122715, 0.015665796344647518, 0.18798955613577023, 0.34986945169712796, 0.391644908616188, 0.360313315926893, 0.8981723237597912, 1.1801566579634464, 1.133159268929504, 1.0704960835509139, 0.43342036553524804, 0.3342036553524804, 0.43342036553524804, 0.370757180156658, 0.1409921671018277, 0.6475195822454308, 0.4490861618798956, 0.8929503916449086, 0.18798955613577023, 1.248041775456919, 0.04699738903394256, 0.2297650130548303, 0.2193211488250653, 0.391644908616188, 0.814621409921671, 0.44386422976501305, 0.35509138381201044, 0.02610966057441253, 0.3342036553524804, 0.9660574412532638, 0.34986945169712796, 0.9660574412532638, 0.9556135770234987, 0.44386422976501305, 1.1018276762402088, 0.370757180156658, 1.0966057441253263, 0.3289817232375979, 1.4046997389033942, 1.1279373368146215, 1.122715404699739, 0.370757180156658, 0.391644908616188, 0.370757180156658, 0.720626631853786, 0.27154046997389036, 1.2323759791122715, 0.4386422976501306, 0.34986945169712796, 0.5221932114882507, 0.793733681462141, 0.28720626631853785, 0.4490861618798956], [1.3002610966057442, 0.8459530026109661, 0.4856396866840731, 0.8825065274151436, 0.8825065274151436, 0.5221932114882507, 1.5404699738903394, 0.3289817232375979, 1.2950391644908616, 0.2454308093994778, 0.18798955613577023, 0.2819843342036554, 0.8616187989556136, 1.514360313315927, 0.17754569190600522, 0.5378590078328982, 0.13054830287206268, 0.30809399477806787, 0.1514360313315927, 0.28720626631853785, 0.45430809399477806, 0.0, 1.6187989556135771, 0.10966057441253264, 1.4516971279373367, 0.5013054830287206, 0.010443864229765013, 0.4804177545691906, 0.825065274151436, 1.4778067885117494, 0.8511749347258486, 0.3028720626631854, 0.3394255874673629, 0.18798955613577023, 0.1409921671018277, 1.7389033942558747, 0.8825065274151436, 0.7885117493472585, 0.8929503916449086, 0.7989556135770235, 0.5900783289817232, 1.7702349869451697, 0.09399477806788512, 1.321148825065274, 0.5013054830287206, 0.0783289817232376, 0.031331592689295036, 0.09399477806788512, 1.6449086161879896, 0.1671018276762402, 1.7389033942558747, 1.6031331592689295, 0.30809399477806787, 1.1436031331592689, 0.30809399477806787, 0.8825065274151436, 0.12532637075718014, 0.17754569190600522, 1.7284595300261096, 0.2924281984334204, 0.8877284595300261, 0.4281984334203655, 1.3002610966057442, 0.42297650130548303, 0.1671018276762402, 0.19843342036553524, 0.8929503916449086, 1.6031331592689295, 0.8877284595300261, 0.12010443864229765, 0.7519582245430809, 0.3968668407310705, 1.7597911227154046, 1.1592689295039165, 0.12532637075718014, 0.18276762402088773, 1.321148825065274, 1.7545691906005223], [1.2428198433420365, 0.7362924281984334, 0.45430809399477806, 0.8198433420365535, 0.8302872062663186, 0.4595300261096606, 1.4673629242819843, 0.3185378590078329, 1.2532637075718016, 0.2245430809399478, 0.1671018276762402, 0.26631853785900783, 0.8772845953002611, 1.3681462140992167, 0.1409921671018277, 0.4960835509138381, 0.11488250652741515, 0.2558746736292428, 0.13054830287206268, 0.28720626631853785, 0.42297650130548303, 1.6187989556135771, 0.0, 0.10443864229765012, 1.3733681462140992, 0.4386422976501306, 0.010443864229765013, 0.412532637075718, 0.7780678851174935, 1.4569190600522193, 0.793733681462141, 0.28720626631853785, 0.3342036553524804, 0.1618798955613577, 0.12532637075718014, 1.629242819843342, 0.7676240208877284, 0.720626631853786, 0.8302872062663186, 0.7885117493472585, 0.5744125326370757, 1.6657963446475197, 0.09399477806788512, 1.2219321148825066, 0.44386422976501305, 0.0731070496083551, 0.020887728459530026, 0.08877284595300261, 1.4673629242819843, 0.13577023498694518, 1.6344647519582245, 1.483028720626632, 0.2819843342036554, 1.1018276762402088, 0.27676240208877284, 0.825065274151436, 0.12010443864229765, 0.1566579634464752, 1.6240208877284594, 0.2506527415143603, 0.7728459530026109, 0.391644908616188, 1.185378590078329, 0.38642297650130547, 0.1566579634464752, 0.18276762402088773, 0.7780678851174935, 1.4882506527415145, 0.8093994778067886, 0.10966057441253264, 0.7258485639686684, 0.36553524804177545, 1.6657963446475197, 1.0026109660574412, 0.12532637075718014, 0.1566579634464752, 1.248041775456919, 1.629242819843342], [0.09921671018276762, 0.1671018276762402, 0.7049608355091384, 0.1618798955613577, 0.17754569190600522, 0.7571801566579635, 0.09921671018276762, 0.7467362924281984, 0.0835509138381201, 0.5587467362924282, 0.6579634464751958, 0.6370757180156658, 0.04699738903394256, 0.0783289817232376, 0.4281984334203655, 0.370757180156658, 0.6161879895561357, 0.6109660574412533, 0.7258485639686684, 0.6109660574412533, 0.7362924281984334, 0.10966057441253264, 0.10443864229765012, 0.0, 0.10443864229765012, 0.6579634464751958, 0.005221932114882507, 0.1409921671018277, 0.1566579634464752, 0.10966057441253264, 0.17754569190600522, 0.45430809399477806, 0.6788511749347258, 0.6527415143603134, 0.5796344647519582, 0.12010443864229765, 0.17754569190600522, 0.19843342036553524, 0.17754569190600522, 0.020887728459530026, 0.34986945169712796, 0.11488250652741515, 0.5274151436031331, 0.057441253263707574, 0.6214099216710183, 0.005221932114882507, 0.005221932114882507, 0.12532637075718014, 0.10966057441253264, 0.46475195822454307, 0.10443864229765012, 0.0835509138381201, 0.015665796344647518, 0.0731070496083551, 0.5535248041775457, 0.17754569190600522, 0.5587467362924282, 0.5639686684073107, 0.11488250652741515, 0.5900783289817232, 0.17754569190600522, 0.6109660574412533, 0.0783289817232376, 0.7467362924281984, 0.6318537859007833, 0.6684073107049608, 0.17754569190600522, 0.09921671018276762, 0.17754569190600522, 0.36553524804177545, 0.0731070496083551, 0.7101827676240209, 0.08877284595300261, 0.0731070496083551, 0.3237597911227154, 0.5221932114882507, 0.0835509138381201, 0.10443864229765012], [1.0234986945169713, 0.7310704960835509, 0.3968668407310705, 0.8302872062663186, 0.8302872062663186, 0.43342036553524804, 1.3002610966057442, 0.2924281984334204, 1.0496083550913837, 0.20365535248041775, 0.1671018276762402, 0.2454308093994778, 0.7885117493472585, 1.2532637075718016, 0.13054830287206268, 0.4751958224543081, 0.10966057441253264, 0.2297650130548303, 0.1409921671018277, 0.2245430809399478, 0.3968668407310705, 1.4516971279373367, 1.3733681462140992, 0.10443864229765012, 0.0, 0.381201044386423, 0.010443864229765013, 0.3968668407310705, 0.7780678851174935, 1.237597911227154, 0.7989556135770235, 0.2402088772845953, 0.29765013054830286, 0.1618798955613577, 0.10966057441253264, 1.4725848563968669, 0.7885117493472585, 0.7049608355091384, 0.8407310704960835, 0.6788511749347258, 0.5221932114882507, 1.483028720626632, 0.0731070496083551, 1.0652741514360313, 0.4177545691906005, 0.057441253263707574, 0.031331592689295036, 0.057441253263707574, 1.3315926892950392, 0.13577023498694518, 1.4621409921671018, 1.3315926892950392, 0.21409921671018275, 0.9869451697127938, 0.21409921671018275, 0.825065274151436, 0.10966057441253264, 0.1409921671018277, 1.4934725848563968, 0.2245430809399478, 0.783289817232376, 0.370757180156658, 1.0234986945169713, 0.360313315926893, 0.12010443864229765, 0.1671018276762402, 0.7885117493472585, 1.3890339425587468, 0.8198433420365535, 0.10966057441253264, 0.6057441253263708, 0.3289817232375979, 1.483028720626632, 0.9660574412532638, 0.12010443864229765, 0.1566579634464752, 1.2010443864229765, 1.4725848563968669], [0.34464751958224543, 0.3968668407310705, 1.2845953002610966, 0.3968668407310705, 0.402088772845953, 1.3577023498694516, 0.36553524804177545, 1.1018276762402088, 0.36553524804177545, 0.9765013054830287, 1.0182767624020888, 1.0287206266318538, 0.2506527415143603, 0.402088772845953, 0.8407310704960835, 0.7101827676240209, 0.9660574412532638, 1.0757180156657964, 1.1174934725848564, 1.0182767624020888, 1.2323759791122715, 0.5013054830287206, 0.4386422976501306, 0.6579634464751958, 0.381201044386423, 0.0, 0.015665796344647518, 0.20887728459530025, 0.38642297650130547, 0.44386422976501305, 0.402088772845953, 0.8511749347258486, 1.112271540469974, 1.080939947780679, 0.9817232375979112, 0.5013054830287206, 0.391644908616188, 0.5013054830287206, 0.412532637075718, 0.2193211488250653, 0.6631853785900783, 0.4595300261096606, 0.856396866840731, 0.26631853785900783, 1.195822454308094, 0.05221932114882506, 0.2245430809399478, 0.2349869451697128, 0.43342036553524